9223372036854775747
9223372036854775748
9223372036854775749
9223372036854775750
9223372036854775751
9223372036854775752
9223372036854775753
9223372036854775754
9223372036854775755
9223372036854775756
9223372036854775757
9223372036854775758
9223372036854775759
9223372036854775760
9223372036854775761
9223372036854775762
9223372036854775763
9223372036854775764
9223372036854775765
9223372036854775766
9223372036854775767
9223372036854775768
9223372036854775769
9223372036854775770
9223372036854775771
9223372036854775772
9223372036854775773
9223372036854775774
9223372036854775775
9223372036854775776
9223372036854775777
9223372036854775778
9223372036854775779
9223372036854775780
9223372036854775781
9223372036854775782
9223372036854775783
9223372036854775784
9223372036854775785
9223372036854775786
9223372036854775787
9223372036854775788
9223372036854775789
9223372036854775790
9223372036854775791
9223372036854775792
9223372036854775793
9223372036854775794
9223372036854775795
9223372036854775796
9223372036854775797
9223372036854775798
9223372036854775799
9223372036854775800
9223372036854775801
9223372036854775802
9223372036854775803
9223372036854775804
9223372036854775805
9223372036854775806