2147483587
2147483588
2147483589
2147483590
2147483591
2147483592
2147483593
2147483594
2147483595
2147483596
2147483597
2147483598
2147483599
2147483600
2147483601
2147483602
2147483603
2147483604
2147483605
2147483606
2147483607
2147483608
2147483609
2147483610
2147483611
2147483612
2147483613
2147483614
2147483615
2147483616
2147483617
2147483618
2147483619
2147483620
2147483621
2147483622
2147483623
2147483624
2147483625
2147483626
2147483627
2147483628
2147483629
2147483630
2147483631
2147483632
2147483633
2147483634
2147483635
2147483636
2147483637
2147483638
2147483639
2147483640
2147483641
2147483642
2147483643
2147483644
2147483645
2147483646